3 3 0 1
0 2 0 3
2 3 3 3
3 2 3 2
8 2 1 3
0 3 1 3
12 3 0 0
6 0 2 3
3 3 1 2
3 1 1 0
1 1 2 2
0 2 1 2
12 3 2 3
3 3 2 2
0 1 0 0
2 0 2 0
11 0 2 1
0 1 2 1
12 3 1 3
6 3 0 1
3 3 2 3
3 1 0 2
1 3 2 2
0 2 2 2
12 2 1 1
6 1 0 0
3 3 1 2
3 2 0 1
3 0 3 3
7 1 3 3
0 3 2 3
12 3 0 0
6 0 2 1
3 2 3 2
3 2 1 3
3 2 2 0
4 0 3 2
0 2 2 2
12 1 2 1
6 1 3 3
3 3 0 1
3 3 3 2
8 0 1 0
0 0 3 0
12 0 3 3
6 3 1 2
3 2 1 3
0 3 0 0
2 0 2 0
3 0 0 1
4 0 3 1
0 1 2 1
0 1 3 1
12 1 2 2
6 2 0 3
3 3 2 2
0 3 0 0
2 0 1 0
3 2 2 1
12 0 0 1
0 1 3 1
12 1 3 3
3 0 1 1
3 2 2 2
12 0 0 1
0 1 2 1
0 1 3 1
12 3 1 3
3 3 2 0
0 1 0 1
2 1 1 1
11 2 0 1
0 1 1 1
0 1 3 1
12 1 3 3
3 3 0 1
3 3 1 2
1 0 2 1
0 1 3 1
0 1 1 1
12 1 3 3
6 3 1 1
3 2 2 2
3 1 0 0
3 2 1 3
6 0 2 0
0 0 1 0
12 0 1 1
6 1 0 0
3 3 1 2
3 1 0 1
3 3 1 3
0 1 2 1
0 1 3 1
12 1 0 0
6 0 1 1
3 0 2 3
3 2 1 2
3 3 0 0
10 3 2 0
0 0 3 0
12 1 0 1
3 2 3 0
10 3 2 0
0 0 3 0
12 1 0 1
3 2 1 0
0 1 0 3
2 3 2 3
3 0 1 2
5 2 3 2
0 2 2 2
12 1 2 1
6 1 1 3
0 0 0 2
2 2 1 2
3 2 1 1
0 3 0 0
2 0 3 0
11 1 0 1
0 1 1 1
12 3 1 3
6 3 0 1
3 1 3 3
3 2 1 0
14 3 0 3
0 3 1 3
12 1 3 1
6 1 2 2
3 2 2 1
3 3 2 3
0 0 0 0
2 0 3 0
11 1 0 3
0 3 1 3
0 3 3 3
12 3 2 2
6 2 1 3
3 3 1 1
3 1 3 2
1 0 2 1
0 1 1 1
12 1 3 3
6 3 2 1
3 3 2 2
0 0 0 3
2 3 1 3
3 1 0 0
12 0 0 3
0 3 1 3
12 1 3 1
6 1 2 2
3 0 3 0
3 3 3 1
3 1 1 3
2 3 1 3
0 3 2 3
12 2 3 2
6 2 0 3
3 3 2 2
3 2 0 1
3 2 0 0
9 0 2 2
0 2 2 2
0 2 3 2
12 3 2 3
3 1 2 2
3 3 2 1
8 0 1 0
0 0 1 0
0 0 2 0
12 3 0 3
3 0 0 1
0 0 0 0
2 0 1 0
3 0 2 2
12 0 0 0
0 0 2 0
12 3 0 3
3 3 2 1
3 3 2 0
9 2 0 2
0 2 2 2
12 3 2 3
6 3 0 2
0 0 0 0
2 0 0 0
3 2 2 3
3 1 2 1
14 1 3 3
0 3 1 3
0 3 3 3
12 3 2 2
6 2 1 1
3 2 1 0
3 2 3 3
3 1 3 2
4 0 3 0
0 0 2 0
12 0 1 1
6 1 2 0
0 0 0 3
2 3 3 3
3 2 2 1
0 2 0 2
2 2 2 2
15 3 1 2
0 2 3 2
12 0 2 0
3 0 3 2
0 0 0 3
2 3 0 3
7 1 3 1
0 1 1 1
12 0 1 0
3 3 3 1
3 3 2 2
5 3 2 3
0 3 1 3
12 0 3 0
6 0 1 3
0 1 0 0
2 0 2 0
3 2 0 1
11 1 2 1
0 1 3 1
12 1 3 3
3 3 1 1
0 3 0 2
2 2 2 2
3 1 1 0
6 0 2 0
0 0 1 0
12 0 3 3
6 3 1 0
3 0 2 3
10 3 2 3
0 3 2 3
12 3 0 0
3 2 1 3
3 0 0 1
3 0 1 2
5 2 3 3
0 3 3 3
12 0 3 0
6 0 0 3
3 2 3 2
3 1 2 0
2 0 1 2
0 2 1 2
12 3 2 3
3 3 2 1
3 0 0 2
2 0 1 1
0 1 1 1
12 1 3 3
6 3 1 2
3 2 3 0
3 0 1 1
3 1 2 3
13 0 3 0
0 0 2 0
0 0 2 0
12 0 2 2
6 2 3 1
0 2 0 2
2 2 2 2
3 0 3 3
3 3 0 0
10 3 2 2
0 2 2 2
12 1 2 1
0 2 0 0
2 0 2 0
3 3 2 2
0 1 0 3
2 3 1 3
9 0 2 3
0 3 3 3
12 1 3 1
3 0 2 3
3 0 0 2
3 3 0 0
0 0 2 0
0 0 1 0
12 1 0 1
6 1 2 0
3 1 0 2
3 3 1 3
0 2 0 1
2 1 2 1
1 3 2 3
0 3 2 3
12 0 3 0
6 0 1 3
3 1 0 0
3 2 3 2
3 1 0 1
6 0 2 1
0 1 2 1
12 1 3 3
6 3 2 2
3 2 0 1
0 1 0 0
2 0 2 0
3 3 2 3
15 3 0 3
0 3 1 3
12 3 2 2
6 2 3 1
3 1 3 3
3 0 3 2
0 2 0 0
2 0 1 0
12 3 3 2
0 2 1 2
0 2 3 2
12 1 2 1
6 1 1 2
0 1 0 1
2 1 0 1
0 3 0 0
2 0 2 0
0 3 0 3
2 3 2 3
4 0 3 3
0 3 1 3
12 3 2 2
6 2 3 3
3 3 2 1
3 3 0 2
11 0 2 0
0 0 2 0
0 0 3 0
12 0 3 3
3 2 1 0
9 0 2 1
0 1 1 1
0 1 1 1
12 3 1 3
6 3 0 0
3 0 0 2
3 2 3 3
3 1 1 1
0 1 2 2
0 2 2 2
0 2 3 2
12 2 0 0
6 0 2 1
3 3 0 0
3 2 1 2
7 2 3 3
0 3 3 3
12 3 1 1
6 1 1 2
3 1 1 0
3 2 0 3
0 3 0 1
2 1 0 1
2 0 1 1
0 1 3 1
12 2 1 2
6 2 2 1
3 2 1 2
3 0 2 3
3 3 0 0
0 0 2 0
0 0 3 0
12 1 0 1
6 1 1 0
3 2 0 3
0 1 0 1
2 1 2 1
3 0 1 2
5 2 3 1
0 1 2 1
12 0 1 0
6 0 3 2
3 2 1 1
3 2 0 0
4 0 3 3
0 3 1 3
12 3 2 2
6 2 0 1
3 3 0 2
3 2 3 3
4 0 3 0
0 0 3 0
0 0 1 0
12 0 1 1
0 2 0 0
2 0 2 0
3 1 1 3
14 3 0 2
0 2 3 2
12 1 2 1
6 1 3 2
3 1 1 1
13 0 3 3
0 3 3 3
0 3 3 3
12 2 3 2
3 2 3 1
3 2 1 3
4 0 3 1
0 1 2 1
12 2 1 2
6 2 3 3
3 2 1 1
3 3 2 2
11 0 2 0
0 0 1 0
12 0 3 3
6 3 2 2
3 1 1 0
3 2 1 3
14 0 3 3
0 3 1 3
12 3 2 2
6 2 1 1
3 2 2 2
0 3 0 3
2 3 2 3
3 2 3 0
4 0 3 3
0 3 2 3
12 1 3 1
6 1 3 0
3 1 3 2
3 2 2 3
3 2 2 1
7 1 3 3
0 3 3 3
0 3 2 3
12 0 3 0
6 0 1 2
3 1 3 3
3 3 3 1
3 2 3 0
13 0 3 0
0 0 2 0
12 2 0 2
6 2 1 0
3 0 1 3
3 2 2 2
3 1 1 1
7 2 3 1
0 1 2 1
12 1 0 0
6 0 1 1
3 1 2 2
0 0 0 0
2 0 2 0
7 0 3 2
0 2 2 2
12 1 2 1
6 1 0 3
3 1 0 0
3 0 2 1
3 2 1 2
6 0 2 2
0 2 2 2
12 2 3 3
6 3 0 2
3 1 2 3
2 3 1 1
0 1 3 1
12 1 2 2
6 2 0 0
0 3 0 2
2 2 0 2
3 3 0 3
3 3 2 1
3 2 1 2
0 2 1 2
12 2 0 0
6 0 3 1
3 3 3 2
3 1 0 0
3 2 0 3
14 0 3 2
0 2 2 2
12 1 2 1
6 1 1 2
3 3 1 3
3 1 2 1
3 2 2 0
15 3 0 3
0 3 2 3
12 3 2 2
3 3 2 3
3 2 2 1
15 3 1 1
0 1 1 1
12 1 2 2
3 1 0 0
3 2 0 3
3 2 1 1
14 0 3 0
0 0 1 0
0 0 3 0
12 0 2 2
6 2 0 1
3 1 1 3
3 2 2 2
3 2 2 0
13 0 3 3
0 3 2 3
12 3 1 1
3 1 3 0
3 0 1 3
6 0 2 0
0 0 3 0
12 1 0 1
6 1 0 2
3 2 0 0
3 2 0 3
3 3 2 1
4 0 3 1
0 1 2 1
12 1 2 2
6 2 2 0
0 3 0 1
2 1 3 1
0 0 0 3
2 3 1 3
3 1 3 2
2 3 1 1
0 1 1 1
0 1 3 1
12 0 1 0
6 0 0 2
3 1 1 1
3 2 3 0
3 0 1 3
14 1 0 0
0 0 1 0
12 2 0 2
6 2 0 0
3 2 2 3
3 2 3 1
3 3 3 2
11 1 2 3
0 3 2 3
12 0 3 0
6 0 0 1
3 0 1 3
0 3 0 0
2 0 2 0
3 2 0 2
10 3 2 2
0 2 3 2
0 2 3 2
12 1 2 1
3 0 1 2
3 1 0 3
3 3 3 0
1 0 2 0
0 0 3 0
0 0 3 0
12 1 0 1
6 1 1 3
3 3 2 2
3 1 1 0
0 0 0 1
2 1 0 1
2 0 1 2
0 2 3 2
12 3 2 3
6 3 1 1
0 1 0 3
2 3 2 3
3 2 3 0
3 2 2 2
7 2 3 2
0 2 3 2
12 2 1 1
6 1 1 3
0 1 0 1
2 1 3 1
3 1 2 0
3 2 0 2
6 0 2 2
0 2 3 2
12 3 2 3
6 3 0 1
0 2 0 2
2 2 2 2
3 1 0 3
3 2 3 0
14 3 0 0
0 0 3 0
12 1 0 1
6 1 3 0
3 3 2 2
0 0 0 1
2 1 1 1
0 3 0 3
2 3 2 3
0 1 2 2
0 2 1 2
12 0 2 0
6 0 2 1
3 1 2 3
3 1 1 2
3 2 1 0
12 3 3 3
0 3 2 3
12 3 1 1
6 1 0 0
3 0 0 3
3 0 3 1
3 3 2 2
3 3 1 2
0 2 3 2
0 2 3 2
12 2 0 0
3 1 3 3
3 1 0 2
3 3 1 1
12 3 3 3
0 3 1 3
12 3 0 0
6 0 1 3
3 2 3 1
3 0 2 2
3 3 0 0
9 2 0 0
0 0 2 0
12 3 0 3
6 3 0 2
3 2 1 0
3 3 0 1
3 2 2 3
4 0 3 0
0 0 2 0
12 0 2 2
0 1 0 0
2 0 2 0
3 0 0 1
4 0 3 0
0 0 1 0
12 2 0 2
6 2 2 1
3 2 1 0
3 3 1 2
11 0 2 3
0 3 2 3
12 3 1 1
3 1 1 0
3 0 2 3
3 0 0 2
0 0 2 2
0 2 2 2
0 2 1 2
12 2 1 1
6 1 1 2
3 0 1 0
3 2 2 1
7 1 3 0
0 0 3 0
12 2 0 2
6 2 0 3
3 1 2 2
3 3 2 0
11 1 0 2
0 2 3 2
0 2 1 2
12 2 3 3
6 3 1 2
3 0 2 0
0 2 0 3
2 3 2 3
7 1 3 1
0 1 2 1
12 2 1 2
6 2 2 3
0 0 0 1
2 1 3 1
3 3 3 2
3 2 1 0
15 1 0 2
0 2 3 2
12 3 2 3
3 2 0 1
3 2 0 2
3 3 3 0
11 1 0 2
0 2 2 2
0 2 2 2
12 3 2 3
6 3 1 1
0 0 0 0
2 0 0 0
3 2 1 3
3 0 0 2
5 2 3 2
0 2 1 2
12 1 2 1
6 1 0 3
3 3 2 1
3 2 2 0
3 3 2 2
9 0 2 0
0 0 1 0
12 0 3 3
3 3 1 0
3 0 1 1
3 0 0 2
9 2 0 2
0 2 3 2
12 2 3 3
6 3 2 2
3 3 0 3
3 2 2 1
3 2 3 0
15 3 0 1
0 1 3 1
12 1 2 2
0 1 0 1
2 1 3 1
3 2 3 3
8 0 1 0
0 0 1 0
0 0 3 0
12 0 2 2
6 2 3 1
3 2 2 0
3 3 1 2
3 1 3 3
13 0 3 0
0 0 2 0
12 1 0 1
6 1 3 0
3 0 3 2
3 2 0 1
0 3 2 1
0 1 3 1
12 0 1 0
6 0 2 2
3 2 2 1
3 2 1 0
13 0 3 1
0 1 2 1
12 1 2 2
6 2 1 0
3 0 0 3
3 2 1 2
3 2 1 1
10 3 2 2
0 2 1 2
12 2 0 0
6 0 2 3
3 1 0 0
0 0 0 2
2 2 2 2
6 0 2 1
0 1 2 1
12 3 1 3
6 3 3 0
0 2 0 3
2 3 1 3
3 3 0 1
8 2 1 3
0 3 1 3
12 0 3 0
6 0 1 1
3 2 3 3
0 3 0 0
2 0 3 0
0 0 0 2
2 2 0 2
5 2 3 0
0 0 1 0
12 1 0 1
6 1 3 3
3 2 2 1
3 2 1 2
3 3 0 0
8 2 0 0
0 0 2 0
0 0 1 0
12 3 0 3
3 3 3 2
0 0 0 0
2 0 1 0
3 0 2 1
12 0 0 0
0 0 2 0
12 0 3 3
6 3 0 2
3 1 3 0
3 1 3 3
3 1 0 1
3 3 0 0
0 0 3 0
12 2 0 2
6 2 1 1
3 1 2 0
3 2 1 2
3 0 1 3
10 3 2 2
0 2 1 2
12 2 1 1
6 1 1 0
0 2 0 2
2 2 2 2
3 0 2 1
7 2 3 3
0 3 3 3
12 3 0 0
3 0 3 2
3 1 2 1
0 3 0 3
2 3 3 3
0 1 2 3
0 3 1 3
0 3 1 3
12 3 0 0
6 0 1 1
3 0 2 0
0 3 0 3
2 3 3 3
3 2 0 0
0 0 2 0
12 1 0 1
6 1 0 3
3 3 1 2
3 2 2 0
3 0 0 1
9 0 2 1
0 1 3 1
12 3 1 3
6 3 3 1
3 0 2 3
3 1 3 0
3 2 2 2
10 3 2 0
0 0 3 0
12 0 1 1
6 1 1 0
0 2 0 1
2 1 0 1
3 2 3 3
3 0 1 2
5 2 3 1
0 1 3 1
0 1 1 1
12 1 0 0
3 3 2 1
5 2 3 1
0 1 2 1
0 1 2 1
12 0 1 0
6 0 0 1
3 1 2 0
14 0 3 0
0 0 2 0
12 0 1 1
3 3 1 3
3 3 1 2
3 0 3 0
1 3 2 2
0 2 1 2
12 1 2 1
6 1 2 3
3 1 2 0
3 3 3 1
3 2 0 2
6 0 2 1
0 1 3 1
12 1 3 3
6 3 3 0
0 0 0 1
2 1 0 1
0 1 0 3
2 3 2 3
0 2 0 2
2 2 0 2
5 2 3 2
0 2 3 2
0 2 3 2
12 0 2 0
0 2 0 1
2 1 1 1
0 1 0 2
2 2 0 2
5 2 3 3
0 3 3 3
12 0 3 0
6 0 3 1
3 2 2 3
3 2 3 2
3 3 0 0
7 2 3 2
0 2 3 2
12 1 2 1
6 1 1 3
3 2 1 0
3 3 1 2
3 1 1 1
14 1 0 0
0 0 2 0
12 0 3 3
6 3 0 0
0 1 0 3
2 3 0 3
3 2 0 2
0 3 0 1
2 1 0 1
10 3 2 3
0 3 2 3
12 0 3 0
6 0 3 2
3 2 3 1
3 2 2 0
3 1 2 3
13 0 3 0
0 0 1 0
0 0 3 0
12 2 0 2
6 2 2 0
3 3 0 2
3 0 1 1
3 2 3 2
0 2 2 2
12 2 0 0
6 0 0 2
3 1 0 0
0 2 0 1
2 1 3 1
3 2 0 3
2 0 1 0
0 0 2 0
12 0 2 2
6 2 2 1
3 0 0 3
3 2 1 0
0 0 0 2
2 2 3 2
5 3 2 2
0 2 3 2
12 1 2 1
6 1 0 2
3 1 0 1
3 3 0 3
14 1 0 1
0 1 1 1
12 1 2 2
6 2 2 1
3 0 0 2
0 1 0 3
2 3 1 3
13 0 3 0
0 0 2 0
12 0 1 1
6 1 0 2
3 2 1 0
3 3 2 1
13 0 3 1
0 1 1 1
12 2 1 2
6 2 0 3
3 2 1 2
3 2 1 1
0 3 0 0
2 0 3 0
11 2 0 1
0 1 1 1
12 3 1 3
6 3 0 1
3 3 2 3
0 0 0 0
2 0 1 0
6 0 2 2
0 2 3 2
12 1 2 1
6 1 0 3
3 3 3 1
3 1 0 2
1 1 2 2
0 2 1 2
12 2 3 3
6 3 0 1
3 0 2 0
0 2 0 2
2 2 2 2
0 1 0 3
2 3 0 3
10 3 2 0
0 0 3 0
12 0 1 1
3 1 0 0
6 0 2 2
0 2 1 2
12 2 1 1
6 1 1 2
3 2 3 0
0 0 0 3
2 3 2 3
0 2 0 1
2 1 2 1
4 0 3 0
0 0 3 0
12 2 0 2
6 2 2 1
3 1 3 3
3 1 0 2
0 2 0 0
2 0 2 0
13 0 3 3
0 3 1 3
12 1 3 1
6 1 2 2
0 3 0 0
2 0 1 0
3 3 0 3
3 1 0 1
12 1 0 1
0 1 3 1
0 1 3 1
12 2 1 2
3 2 1 0
3 1 3 1
3 1 0 3
13 0 3 1
0 1 3 1
0 1 2 1
12 1 2 2
6 2 2 1
3 1 2 0
3 2 1 2
6 0 2 0
0 0 3 0
12 0 1 1
6 1 1 0
3 3 2 2
3 1 3 1
0 3 2 3
0 3 1 3
12 0 3 0
3 0 3 3
3 2 0 2
10 3 2 2
0 2 2 2
12 0 2 0
3 3 0 2
3 1 2 3
3 2 1 2
0 2 1 2
12 2 0 0
